# relative_time, cycles_done, cur_item, corpus_count, pending_total, pending_favs, map_size, saved_crashes, saved_hangs, max_depth, execs_per_sec, total_execs, edges_found
61, 3, 4, 5, 0, 0, 0.00%, 0, 0, 4, 403.42, 22742, 13
66, 3, 4, 5, 0, 0, 0.00%, 0, 0, 4, 403.88, 24804, 13
71, 3, 4, 5, 0, 0, 0.00%, 0, 0, 4, 402.30, 26853, 13
76, 3, 4, 5, 0, 0, 0.00%, 0, 0, 4, 401.58, 28910, 13
81, 4, 4, 5, 0, 0, 0.00%, 0, 0, 4, 402.56, 30975, 13
86, 4, 0, 5, 0, 0, 0.00%, 0, 0, 4, 403.10, 33043, 13
91, 4, 4, 5, 0, 0, 0.00%, 0, 0, 4, 407.98, 35073, 13
96, 4, 4, 5, 0, 0, 0.00%, 0, 0, 4, 411.85, 37175, 13
101, 5, 4, 5, 0, 0, 0.00%, 0, 0, 4, 415.21, 39268, 13
107, 6, 4, 5, 0, 0, 0.00%, 0, 0, 4, 414.65, 41365, 13
112, 6, 4, 5, 0, 0, 0.00%, 0, 0, 4, 415.77, 43475, 13
117, 6, 4, 5, 0, 0, 0.00%, 0, 0, 4, 409.72, 45553, 13
122, 6, 4, 5, 0, 0, 0.00%, 0, 0, 4, 415.05, 47663, 13
127, 6, 4, 5, 0, 0, 0.00%, 0, 0, 4, 415.69, 49767, 13
132, 7, 4, 5, 0, 0, 0.00%, 0, 0, 4, 410.57, 51824, 13
137, 7, 3, 5, 0, 0, 0.00%, 0, 0, 4, 398.49, 53805, 13
142, 7, 4, 5, 0, 0, 0.00%, 0, 0, 4, 404.59, 55887, 13
147, 8, 2, 5, 0, 0, 0.00%, 0, 0, 4, 402.40, 57963, 13
152, 8, 4, 5, 0, 0, 0.00%, 0, 0, 4, 404.28, 59996, 13
157, 8, 4, 5, 0, 0, 0.00%, 0, 0, 4, 404.14, 62074, 13
162, 8, 4, 5, 0, 0, 0.00%, 0, 0, 4, 404.78, 64139, 13
167, 9, 4, 5, 0, 0, 0.00%, 0, 0, 4, 405.02, 66193, 13
173, 9, 4, 5, 0, 0, 0.00%, 0, 0, 4, 405.28, 68274, 13
178, 9, 4, 5, 0, 0, 0.00%, 0, 0, 4, 399.81, 70299, 13
183, 10, 0, 5, 0, 0, 0.00%, 0, 0, 4, 410.58, 72370, 13
188, 10, 1, 5, 0, 0, 0.00%, 0, 0, 4, 409.27, 74451, 13
193, 10, 4, 5, 0, 0, 0.00%, 0, 0, 4, 413.62, 76557, 13
198, 10, 4, 5, 0, 0, 0.00%, 0, 0, 4, 414.55, 78659, 13
203, 10, 4, 6, 1, 0, 0.00%, 0, 0, 5, 412.88, 80755, 15
208, 10, 5, 6, 1, 1, 0.00%, 0, 0, 5, 412.48, 82856, 15
213, 11, 2, 6, 0, 0, 0.00%, 0, 0, 5, 410.98, 84922, 15
218, 11, 5, 6, 0, 0, 0.00%, 0, 0, 5, 412.67, 87020, 15
223, 11, 5, 7, 1, 0, 0.00%, 0, 0, 6, 400.05, 89060, 18
228, 11, 5, 7, 1, 0, 0.00%, 0, 0, 6, 410.26, 91164, 18
233, 11, 5, 7, 1, 0, 0.00%, 0, 0, 6, 404.36, 93212, 18
238, 11, 5, 7, 1, 0, 0.00%, 0, 0, 6, 411.05, 95311, 18
244, 11, 5, 7, 1, 0, 0.00%, 0, 0, 6, 411.86, 97396, 18
249, 11, 6, 8, 2, 1, 0.00%, 0, 0, 7, 405.97, 99472, 21
254, 11, 6, 8, 2, 1, 0.00%, 0, 0, 7, 411.94, 101584, 21
259, 11, 6, 8, 2, 1, 0.00%, 0, 0, 7, 414.08, 103688, 21
264, 11, 6, 8, 2, 1, 0.00%, 0, 0, 7, 411.16, 105768, 21
269, 11, 7, 8, 1, 1, 0.00%, 0, 0, 7, 397.63, 107788, 21
274, 11, 7, 8, 1, 1, 0.00%, 0, 0, 7, 404.56, 109825, 21
279, 11, 7, 8, 1, 1, 0.00%, 0, 0, 7, 402.02, 111857, 21
284, 11, 7, 8, 0, 0, 0.00%, 0, 0, 7, 403.63, 113898, 21
289, 11, 7, 8, 0, 0, 0.00%, 0, 0, 7, 375.56, 115759, 21
294, 11, 7, 8, 0, 0, 0.00%, 0, 0, 7, 378.81, 117656, 21
299, 11, 7, 8, 0, 0, 0.00%, 0, 0, 7, 399.13, 119749, 21
304, 11, 7, 8, 0, 0, 0.00%, 0, 0, 7, 403.15, 121790, 21
310, 11, 7, 8, 0, 0, 0.00%, 0, 0, 7, 398.67, 123847, 21
315, 11, 7, 8, 0, 0, 0.00%, 0, 0, 7, 400.27, 125885, 21
320, 12, 4, 8, 0, 0, 0.00%, 0, 0, 7, 401.87, 127965, 21
325, 12, 7, 8, 0, 0, 0.00%, 0, 0, 7, 404.99, 130024, 21
330, 12, 7, 8, 0, 0, 0.00%, 0, 0, 7, 403.87, 132088, 21
335, 12, 7, 8, 0, 0, 0.00%, 0, 0, 7, 405.54, 134176, 21
340, 12, 7, 8, 0, 0, 0.00%, 0, 0, 7, 405.22, 136252, 21
345, 12, 7, 8, 0, 0, 0.00%, 0, 0, 7, 365.77, 138167, 21
351, 12, 7, 8, 0, 0, 0.00%, 0, 0, 7, 387.26, 140178, 21
356, 12, 4, 8, 0, 0, 0.00%, 0, 0, 7, 401.67, 142251, 21
361, 12, 3, 8, 0, 0, 0.00%, 0, 0, 7, 410.98, 144368, 21
366, 12, 4, 8, 0, 0, 0.00%, 0, 0, 7, 415.27, 146459, 21
371, 13, 6, 8, 0, 0, 0.00%, 0, 0, 7, 413.67, 148563, 21
376, 13, 6, 8, 0, 0, 0.00%, 0, 0, 7, 406.10, 150625, 21
381, 13, 7, 8, 0, 0, 0.00%, 0, 0, 7, 411.56, 152729, 21
386, 13, 7, 8, 0, 0, 0.00%, 0, 0, 7, 415.85, 154841, 21
391, 13, 7, 8, 0, 0, 0.00%, 0, 0, 7, 398.99, 156865, 21
396, 13, 7, 8, 0, 0, 0.00%, 0, 0, 7, 404.75, 158937, 21
402, 13, 7, 8, 0, 0, 0.00%, 0, 0, 7, 405.94, 161021, 21
407, 13, 7, 8, 0, 0, 0.00%, 0, 0, 7, 406.01, 163094, 21
412, 13, 7, 8, 0, 0, 0.00%, 0, 0, 7, 403.92, 165145, 21
417, 13, 7, 8, 0, 0, 0.00%, 0, 0, 7, 405.70, 167233, 21
422, 13, 7, 8, 0, 0, 0.00%, 0, 0, 7, 406.27, 169313, 21
427, 13, 7, 8, 0, 0, 0.00%, 0, 0, 7, 405.12, 171378, 21
432, 13, 7, 8, 0, 0, 0.00%, 0, 0, 7, 403.66, 173424, 21
437, 13, 7, 8, 0, 0, 0.00%, 0, 0, 7, 394.79, 175429, 21
442, 13, 7, 8, 0, 0, 0.00%, 0, 0, 7, 403.66, 177471, 21
447, 13, 7, 8, 0, 0, 0.00%, 0, 0, 7, 405.23, 179549, 21
452, 13, 7, 8, 0, 0, 0.00%, 0, 0, 7, 405.95, 181619, 21
458, 13, 7, 8, 0, 0, 0.00%, 0, 0, 7, 404.15, 183691, 21
463, 13, 7, 8, 0, 0, 0.00%, 0, 0, 7, 403.26, 185755, 21
468, 13, 7, 8, 0, 0, 0.00%, 0, 0, 7, 405.84, 187836, 21
473, 13, 7, 8, 0, 0, 0.00%, 0, 0, 7, 406.41, 189922, 21
478, 13, 5, 8, 0, 0, 0.00%, 0, 0, 7, 405.86, 191995, 21
483, 13, 7, 8, 0, 0, 0.00%, 0, 0, 7, 404.13, 194004, 21
488, 13, 7, 8, 0, 0, 0.00%, 0, 0, 7, 413.76, 196116, 21
493, 13, 7, 8, 0, 0, 0.00%, 0, 0, 7, 413.45, 198204, 21
498, 13, 7, 8, 0, 0, 0.00%, 0, 0, 7, 413.85, 200293, 21
503, 13, 7, 8, 0, 0, 0.00%, 0, 0, 7, 414.92, 202403, 21
508, 14, 4, 8, 0, 0, 0.00%, 0, 0, 7, 416.24, 204508, 21
513, 14, 7, 8, 0, 0, 0.00%, 0, 0, 7, 406.80, 206578, 21
519, 14, 7, 8, 0, 0, 0.00%, 0, 0, 7, 413.30, 208690, 21
524, 14, 7, 8, 0, 0, 0.00%, 0, 0, 7, 414.68, 210794, 21
529, 14, 7, 8, 0, 0, 0.00%, 0, 0, 7, 407.25, 212859, 21
534, 14, 7, 8, 0, 0, 0.00%, 0, 0, 7, 413.54, 214977, 21
539, 14, 4, 8, 0, 0, 0.00%, 0, 0, 7, 415.25, 217074, 21
544, 14, 7, 8, 0, 0, 0.00%, 0, 0, 7, 414.83, 219180, 21
549, 14, 7, 8, 0, 0, 0.00%, 0, 0, 7, 414.85, 221276, 21
554, 14, 7, 8, 0, 0, 0.00%, 0, 0, 7, 415.00, 223380, 21
559, 14, 7, 8, 0, 0, 0.00%, 0, 0, 7, 416.21, 225485, 21
564, 14, 7, 8, 0, 0, 0.00%, 0, 0, 7, 404.72, 227539, 21
569, 14, 7, 8, 0, 0, 0.00%, 1, 0, 7, 408.54, 229625, 21
574, 14, 7, 8, 0, 0, 0.00%, 1, 0, 7, 409.60, 231683, 21
579, 14, 7, 8, 0, 0, 0.00%, 1, 0, 7, 414.76, 233779, 21
584, 14, 7, 8, 0, 0, 0.00%, 1, 0, 7, 415.19, 235891, 21
589, 14, 7, 8, 0, 0, 0.00%, 1, 0, 7, 417.02, 238004, 21
595, 14, 7, 8, 0, 0, 0.00%, 1, 0, 7, 373.10, 239785, 21
600, 14, 7, 8, 0, 0, 0.00%, 1, 0, 7, 356.10, 241523, 21
605, 14, 6, 8, 0, 0, 0.00%, 1, 0, 7, 386.48, 243498, 21
610, 14, 7, 8, 0, 0, 0.00%, 1, 0, 7, 366.20, 245447, 21
615, 14, 7, 8, 0, 0, 0.00%, 1, 0, 7, 360.70, 247302, 21
620, 14, 7, 8, 0, 0, 0.00%, 1, 0, 7, 354.59, 248961, 21
625, 14, 7, 8, 0, 0, 0.00%, 1, 0, 7, 374.32, 250823, 21
630, 14, 7, 8, 0, 0, 0.00%, 1, 0, 7, 389.88, 252814, 21
635, 14, 7, 8, 0, 0, 0.00%, 1, 0, 7, 398.77, 254888, 21
640, 14, 7, 8, 0, 0, 0.00%, 1, 0, 7, 392.24, 256871, 21
645, 15, 7, 8, 0, 0, 0.00%, 1, 0, 7, 392.82, 258893, 21
650, 15, 7, 8, 0, 0, 0.00%, 1, 0, 7, 394.92, 260888, 21
656, 15, 7, 8, 0, 0, 0.00%, 1, 0, 7, 395.13, 262890, 21
661, 15, 7, 8, 0, 0, 0.00%, 1, 0, 7, 383.80, 264822, 21
666, 15, 7, 8, 0, 0, 0.00%, 1, 0, 7, 404.85, 266931, 21
671, 15, 7, 8, 0, 0, 0.00%, 1, 0, 7, 412.44, 269033, 21
676, 15, 7, 8, 0, 0, 0.00%, 1, 0, 7, 398.80, 271024, 21
681, 15, 7, 8, 0, 0, 0.00%, 1, 0, 7, 403.16, 273056, 21
686, 15, 7, 8, 0, 0, 0.00%, 1, 0, 7, 403.37, 275104, 21
691, 15, 7, 8, 0, 0, 0.00%, 1, 0, 7, 400.98, 277176, 21
696, 15, 7, 8, 0, 0, 0.00%, 1, 0, 7, 407.02, 279264, 21
701, 15, 7, 8, 0, 0, 0.00%, 1, 0, 7, 404.18, 281300, 21
706, 15, 7, 8, 0, 0, 0.00%, 1, 0, 7, 390.59, 283240, 21
711, 15, 4, 8, 0, 0, 0.00%, 1, 0, 7, 405.51, 285285, 21
716, 15, 6, 8, 0, 0, 0.00%, 1, 0, 7, 405.63, 287327, 21
721, 15, 7, 8, 0, 0, 0.00%, 1, 0, 7, 402.05, 289351, 21
726, 15, 7, 8, 0, 0, 0.00%, 1, 0, 7, 400.00, 291375, 21
731, 15, 7, 8, 0, 0, 0.00%, 1, 0, 7, 402.46, 293399, 21
737, 15, 7, 8, 0, 0, 0.00%, 1, 0, 7, 401.58, 295448, 21
742, 15, 7, 8, 0, 0, 0.00%, 1, 0, 7, 404.45, 297470, 21
747, 15, 7, 8, 0, 0, 0.00%, 1, 0, 7, 361.94, 299234, 21
752, 15, 7, 8, 0, 0, 0.00%, 1, 0, 7, 346.60, 301021, 21
757, 15, 6, 8, 0, 0, 0.00%, 1, 0, 7, 260.88, 302359, 21
762, 15, 6, 8, 0, 0, 0.00%, 1, 0, 7, 243.45, 303564, 21
767, 15, 6, 8, 0, 0, 0.00%, 1, 0, 7, 253.03, 304900, 21
772, 15, 4, 8, 0, 0, 0.00%, 1, 0, 7, 256.81, 306190, 21
777, 15, 1, 8, 0, 0, 0.00%, 1, 0, 7, 250.46, 307444, 21
782, 15, 1, 8, 0, 0, 0.00%, 1, 0, 7, 231.49, 308611, 21
787, 15, 1, 8, 0, 0, 0.00%, 1, 0, 7, 209.20, 309605, 21
792, 16, 4, 8, 0, 0, 0.00%, 1, 0, 7, 201.09, 310641, 21
797, 16, 4, 8, 0, 0, 0.00%, 1, 0, 7, 233.59, 311856, 21
802, 16, 6, 8, 0, 0, 0.00%, 1, 0, 7, 258.71, 313201, 21
808, 16, 6, 8, 0, 0, 0.00%, 1, 0, 7, 255.51, 314522, 21
813, 16, 6, 8, 0, 0, 0.00%, 1, 0, 7, 260.55, 315883, 21
818, 16, 6, 8, 0, 0, 0.00%, 1, 0, 7, 263.13, 317249, 21
823, 16, 5, 8, 0, 0, 0.00%, 1, 0, 7, 250.84, 318483, 21
828, 16, 4, 8, 0, 0, 0.00%, 1, 0, 7, 258.10, 319804, 21
833, 16, 4, 8, 0, 0, 0.00%, 1, 0, 7, 252.25, 321033, 21
838, 16, 4, 8, 0, 0, 0.00%, 1, 0, 7, 254.65, 322343, 21
843, 17, 6, 8, 0, 0, 0.00%, 1, 0, 7, 259.75, 323676, 21
849, 17, 6, 8, 0, 0, 0.00%, 1, 0, 7, 263.00, 324991, 21
854, 17, 4, 8, 0, 0, 0.00%, 1, 0, 7, 247.28, 326274, 21
859, 17, 6, 8, 0, 0, 0.00%, 1, 0, 7, 254.85, 327563, 21
864, 17, 6, 8, 0, 0, 0.00%, 1, 0, 7, 233.47, 328757, 21
869, 17, 3, 8, 0, 0, 0.00%, 1, 0, 7, 243.14, 330000, 21
874, 17, 7, 8, 0, 0, 0.00%, 1, 0, 7, 253.12, 331292, 21
879, 17, 7, 8, 0, 0, 0.00%, 1, 0, 7, 256.63, 332602, 21
884, 17, 7, 8, 0, 0, 0.00%, 1, 0, 7, 254.86, 333902, 21
889, 17, 7, 8, 0, 0, 0.00%, 1, 0, 7, 263.71, 335217, 21
894, 17, 7, 8, 0, 0, 0.00%, 1, 0, 7, 267.58, 336567, 21
899, 17, 7, 8, 0, 0, 0.00%, 1, 0, 7, 270.77, 337932, 21
904, 17, 7, 8, 0, 0, 0.00%, 1, 0, 7, 265.03, 339315, 21
909, 17, 7, 8, 0, 0, 0.00%, 1, 0, 7, 233.72, 340441, 21
914, 17, 7, 8, 0, 0, 0.00%, 1, 0, 7, 262.61, 341809, 21
920, 17, 7, 8, 0, 0, 0.00%, 1, 0, 7, 255.11, 343107, 21
925, 17, 2, 8, 0, 0, 0.00%, 1, 0, 7, 260.08, 344438, 21
930, 17, 7, 8, 0, 0, 0.00%, 1, 0, 7, 249.63, 345683, 21
935, 17, 7, 8, 0, 0, 0.00%, 1, 0, 7, 219.41, 346795, 21
940, 17, 7, 8, 0, 0, 0.00%, 1, 0, 7, 203.65, 347883, 21
945, 17, 7, 8, 0, 0, 0.00%, 1, 0, 7, 215.86, 348955, 21
951, 17, 7, 8, 0, 0, 0.00%, 1, 0, 7, 242.73, 350271, 21
956, 17, 7, 8, 0, 0, 0.00%, 1, 0, 7, 256.40, 351618, 21
961, 17, 7, 8, 0, 0, 0.00%, 1, 0, 7, 260.57, 352953, 21
966, 17, 7, 8, 0, 0, 0.00%, 1, 0, 7, 264.90, 354286, 21
971, 17, 7, 8, 0, 0, 0.00%, 1, 0, 7, 263.14, 355607, 21
976, 17, 7, 8, 0, 0, 0.00%, 1, 0, 7, 256.38, 356865, 21
981, 18, 5, 8, 0, 0, 0.00%, 1, 0, 7, 233.48, 358083, 21
986, 18, 5, 8, 0, 0, 0.00%, 1, 0, 7, 165.41, 358844, 21
991, 18, 7, 8, 0, 0, 0.00%, 1, 0, 7, 182.28, 359696, 21
996, 18, 7, 8, 0, 0, 0.00%, 1, 0, 7, 245.68, 361010, 21
1001, 18, 7, 8, 0, 0, 0.00%, 1, 0, 7, 252.16, 362314, 21
1006, 18, 7, 8, 0, 0, 0.00%, 1, 0, 7, 265.78, 363630, 21
1011, 18, 7, 8, 0, 0, 0.00%, 1, 0, 7, 270.49, 364985, 21
1016, 18, 7, 8, 0, 0, 0.00%, 1, 0, 7, 235.88, 366166, 21
1022, 18, 7, 8, 0, 0, 0.00%, 1, 0, 7, 241.46, 367386, 21
1027, 18, 7, 8, 0, 0, 0.00%, 1, 0, 7, 233.50, 368637, 21
1032, 18, 4, 8, 0, 0, 0.00%, 1, 0, 7, 251.36, 369952, 21
1037, 18, 4, 8, 0, 0, 0.00%, 1, 0, 7, 236.26, 371154, 21
1042, 18, 4, 8, 0, 0, 0.00%, 1, 0, 7, 232.73, 372350, 21
1047, 18, 6, 8, 0, 0, 0.00%, 1, 0, 7, 230.50, 373555, 21
1052, 18, 6, 8, 0, 0, 0.00%, 1, 0, 7, 238.38, 374733, 21
1057, 18, 4, 8, 0, 0, 0.00%, 1, 0, 7, 251.67, 375996, 21
1062, 18, 4, 8, 0, 0, 0.00%, 1, 0, 7, 274.33, 377444, 21
1067, 19, 7, 8, 0, 0, 0.00%, 1, 0, 7, 277.55, 378854, 21
1072, 19, 7, 8, 0, 0, 0.00%, 1, 0, 7, 279.07, 380259, 21
1077, 19, 7, 8, 0, 0, 0.00%, 1, 0, 7, 285.57, 381754, 21
1082, 19, 7, 8, 0, 0, 0.00%, 1, 0, 7, 266.93, 383089, 21
1087, 19, 7, 8, 0, 0, 0.00%, 1, 0, 7, 269.27, 384484, 21
1093, 19, 7, 8, 0, 0, 0.00%, 1, 0, 7, 260.72, 385779, 21
1098, 19, 7, 8, 0, 0, 0.00%, 1, 0, 7, 268.09, 387162, 21
1103, 19, 7, 8, 0, 0, 0.00%, 1, 0, 7, 267.13, 388568, 21
1108, 19, 7, 8, 0, 0, 0.00%, 1, 0, 7, 273.80, 389986, 21
1113, 19, 7, 8, 0, 0, 0.00%, 1, 0, 7, 278.54, 391387, 21
1118, 19, 5, 8, 0, 0, 0.00%, 1, 0, 7, 282.12, 392853, 21
1123, 19, 4, 8, 0, 0, 0.00%, 1, 0, 7, 232.80, 393991, 21
1128, 19, 4, 8, 0, 0, 0.00%, 1, 0, 7, 283.18, 395430, 21
1133, 19, 7, 8, 0, 0, 0.00%, 1, 0, 7, 263.62, 396684, 21
1139, 19, 7, 8, 0, 0, 0.00%, 1, 0, 7, 267.46, 398069, 21
1144, 19, 7, 8, 0, 0, 0.00%, 1, 0, 7, 285.89, 399564, 21
1149, 19, 7, 8, 0, 0, 0.00%, 1, 0, 7, 285.45, 401044, 21
1154, 19, 7, 8, 0, 0, 0.00%, 1, 0, 7, 286.47, 402534, 21
1159, 19, 7, 8, 0, 0, 0.00%, 1, 0, 7, 273.06, 403907, 21
1164, 19, 7, 8, 0, 0, 0.00%, 1, 0, 7, 234.63, 405069, 21
1170, 19, 7, 8, 0, 0, 0.00%, 1, 0, 7, 245.92, 406327, 21
1175, 19, 7, 8, 0, 0, 0.00%, 1, 0, 7, 257.70, 407659, 21
1180, 19, 6, 8, 0, 0, 0.00%, 1, 0, 7, 259.85, 408960, 21
1185, 19, 6, 8, 0, 0, 0.00%, 1, 0, 7, 277.98, 410270, 21
1190, 19, 6, 8, 0, 0, 0.00%, 1, 0, 7, 352.99, 412176, 21
1195, 19, 6, 8, 0, 0, 0.00%, 1, 0, 7, 382.48, 414189, 21
1200, 19, 6, 8, 0, 0, 0.00%, 1, 0, 7, 395.42, 416278, 21
1206, 20, 2, 8, 0, 0, 0.00%, 1, 0, 7, 398.48, 418341, 21
1211, 20, 6, 8, 0, 0, 0.00%, 1, 0, 7, 396.38, 420348, 21
1216, 20, 4, 8, 0, 0, 0.00%, 1, 0, 7, 297.78, 421824, 21
1221, 20, 7, 8, 0, 0, 0.00%, 1, 0, 7, 265.61, 423136, 21
1226, 20, 7, 8, 0, 0, 0.00%, 1, 0, 7, 258.60, 424451, 21
1231, 20, 7, 8, 0, 0, 0.00%, 1, 0, 7, 256.80, 425736, 21
1236, 20, 7, 8, 0, 0, 0.00%, 1, 0, 7, 264.35, 427096, 21
1241, 20, 7, 8, 0, 0, 0.00%, 1, 0, 7, 269.66, 428501, 21
1246, 20, 7, 8, 0, 0, 0.00%, 1, 0, 7, 273.34, 429876, 21
1252, 20, 7, 8, 0, 0, 0.00%, 1, 0, 7, 309.96, 431505, 21
1257, 20, 7, 8, 0, 0, 0.00%, 1, 0, 7, 342.80, 433331, 21
1262, 20, 7, 8, 0, 0, 0.00%, 1, 0, 7, 366.83, 435185, 21
1267, 20, 7, 8, 0, 0, 0.00%, 1, 0, 7, 396.35, 437257, 21
1272, 20, 7, 8, 0, 0, 0.00%, 1, 0, 7, 402.32, 439273, 21
1277, 20, 7, 8, 0, 0, 0.00%, 1, 0, 7, 395.21, 441282, 21
1282, 20, 7, 8, 0, 0, 0.00%, 1, 0, 7, 399.08, 443365, 21
1287, 20, 7, 8, 0, 0, 0.00%, 1, 0, 7, 401.31, 445382, 21
1292, 20, 7, 8, 0, 0, 0.00%, 1, 0, 7, 404.44, 447420, 21
1297, 20, 7, 8, 0, 0, 0.00%, 1, 0, 7, 400.14, 449444, 21
1303, 20, 7, 8, 0, 0, 0.00%, 1, 0, 7, 403.54, 451500, 21
1308, 20, 7, 8, 0, 0, 0.00%, 1, 0, 7, 392.61, 453519, 21
1313, 20, 7, 8, 0, 0, 0.00%, 1, 0, 7, 370.07, 455349, 21
1318, 20, 7, 8, 0, 0, 0.00%, 1, 0, 7, 371.54, 457199, 21
1323, 20, 7, 8, 0, 0, 0.00%, 1, 0, 7, 361.81, 458985, 21
1328, 20, 7, 8, 0, 0, 0.00%, 1, 0, 7, 331.73, 460691, 21
1333, 20, 7, 8, 0, 0, 0.00%, 1, 0, 7, 382.50, 462723, 21
1338, 20, 7, 8, 0, 0, 0.00%, 1, 0, 7, 384.16, 464734, 21
1343, 20, 7, 8, 0, 0, 0.00%, 1, 0, 7, 315.75, 466342, 21
1348, 20, 7, 8, 0, 0, 0.00%, 1, 0, 7, 359.62, 468112, 21
1353, 20, 7, 8, 0, 0, 0.00%, 1, 0, 7, 376.37, 470032, 21
1359, 20, 6, 8, 0, 0, 0.00%, 1, 0, 7, 396.98, 472084, 21
1364, 21, 4, 8, 0, 0, 0.00%, 1, 0, 7, 398.85, 474155, 21
1369, 21, 4, 8, 0, 0, 0.00%, 1, 0, 7, 399.82, 476230, 21
1374, 21, 6, 8, 0, 0, 0.00%, 1, 0, 7, 391.49, 478267, 21
1379, 21, 2, 8, 0, 0, 0.00%, 1, 0, 7, 394.54, 480220, 21
1384, 21, 6, 8, 0, 0, 0.00%, 1, 0, 7, 401.62, 482235, 21
1389, 21, 4, 8, 0, 0, 0.00%, 1, 0, 7, 348.73, 484035, 21
1394, 21, 7, 8, 0, 0, 0.00%, 1, 0, 7, 367.33, 485901, 21
1399, 21, 7, 8, 0, 0, 0.00%, 1, 0, 7, 374.53, 487784, 21
1404, 21, 7, 8, 0, 0, 0.00%, 1, 0, 7, 384.50, 489765, 21
1410, 21, 7, 8, 0, 0, 0.00%, 1, 0, 7, 401.68, 491848, 21
1415, 21, 7, 8, 0, 0, 0.00%, 1, 0, 7, 382.47, 493836, 21
1420, 21, 7, 8, 0, 0, 0.00%, 1, 0, 7, 405.28, 495940, 21
1425, 21, 7, 8, 0, 0, 0.00%, 1, 0, 7, 409.66, 498005, 21
1430, 21, 7, 8, 0, 0, 0.00%, 1, 0, 7, 398.86, 500035, 21
1435, 21, 7, 8, 0, 0, 0.00%, 1, 0, 7, 365.15, 501861, 21
1440, 21, 7, 8, 0, 0, 0.00%, 1, 0, 7, 298.07, 503267, 21
1445, 21, 7, 8, 0, 0, 0.00%, 1, 0, 7, 352.81, 505137, 21
1450, 21, 7, 8, 0, 0, 0.00%, 1, 0, 7, 385.83, 507160, 21
1456, 21, 7, 8, 0, 0, 0.00%, 1, 0, 7, 386.06, 509164, 21
1461, 21, 7, 8, 0, 0, 0.00%, 1, 0, 7, 394.11, 511218, 21
1466, 21, 7, 8, 0, 0, 0.00%, 1, 0, 7, 379.23, 513131, 21
1471, 22, 7, 8, 0, 0, 0.00%, 1, 0, 7, 386.29, 515043, 21
1476, 22, 7, 8, 0, 0, 0.00%, 1, 0, 7, 388.57, 517024, 21
1481, 22, 7, 8, 0, 0, 0.00%, 1, 0, 7, 401.51, 519121, 21
1486, 22, 7, 8, 0, 0, 0.00%, 1, 0, 7, 408.10, 521202, 21
1491, 22, 7, 8, 0, 0, 0.00%, 1, 0, 7, 394.64, 523181, 21
1496, 22, 7, 8, 0, 0, 0.00%, 1, 0, 7, 388.83, 525171, 21
1501, 22, 7, 8, 0, 0, 0.00%, 1, 0, 7, 380.52, 527092, 21
1507, 22, 5, 8, 0, 0, 0.00%, 1, 0, 7, 389.98, 529150, 21
1512, 22, 4, 8, 0, 0, 0.00%, 1, 0, 7, 367.82, 530996, 21
1517, 22, 4, 8, 0, 0, 0.00%, 1, 0, 7, 335.20, 532721, 21
1522, 22, 7, 8, 0, 0, 0.00%, 1, 0, 7, 288.81, 534108, 21
1527, 22, 7, 8, 0, 0, 0.00%, 1, 0, 7, 278.93, 535533, 21
1532, 22, 7, 8, 0, 0, 0.00%, 1, 0, 7, 277.32, 536923, 21
1537, 22, 7, 8, 0, 0, 0.00%, 1, 0, 7, 266.96, 538238, 21
1542, 22, 7, 8, 0, 0, 0.00%, 1, 0, 7, 264.69, 539613, 21
1547, 22, 7, 8, 0, 0, 0.00%, 1, 0, 7, 269.66, 541006, 21
1553, 22, 7, 8, 0, 0, 0.00%, 1, 0, 7, 270.53, 542399, 21
1558, 22, 7, 8, 0, 0, 0.00%, 1, 0, 7, 256.48, 543735, 21
1563, 22, 7, 8, 0, 0, 0.00%, 1, 0, 7, 276.30, 545113, 21
1568, 23, 0, 8, 0, 0, 0.00%, 1, 0, 7, 348.38, 546927, 21
1573, 23, 2, 8, 0, 0, 0.00%, 1, 0, 7, 380.15, 548867, 21
1578, 23, 6, 8, 0, 0, 0.00%, 1, 0, 7, 334.53, 550515, 21
1583, 23, 4, 8, 0, 0, 0.00%, 1, 0, 7, 328.22, 552269, 21
1588, 23, 6, 8, 0, 0, 0.00%, 1, 0, 7, 338.88, 554023, 21
1593, 23, 7, 8, 0, 0, 0.00%, 1, 0, 7, 369.66, 555915, 21
1599, 23, 7, 8, 0, 0, 0.00%, 1, 0, 7, 347.56, 557721, 21
1604, 23, 7, 8, 0, 0, 0.00%, 1, 0, 7, 281.81, 559013, 21
1609, 23, 7, 8, 0, 0, 0.00%, 1, 0, 7, 269.79, 560393, 21
1614, 23, 7, 8, 0, 0, 0.00%, 1, 0, 7, 269.44, 561778, 21
1619, 23, 7, 8, 0, 0, 0.00%, 1, 0, 7, 265.67, 563083, 21
1624, 23, 7, 8, 0, 0, 0.00%, 1, 0, 7, 265.43, 564461, 21
1629, 23, 7, 8, 0, 0, 0.00%, 1, 0, 7, 265.69, 565827, 21
1634, 23, 7, 8, 0, 0, 0.00%, 1, 0, 7, 263.48, 567180, 21
1639, 23, 7, 8, 0, 0, 0.00%, 1, 0, 7, 238.98, 568384, 21
1645, 23, 4, 8, 0, 0, 0.00%, 1, 0, 7, 262.44, 569751, 21
1650, 23, 7, 8, 0, 0, 0.00%, 1, 0, 7, 267.80, 571152, 21
1655, 23, 7, 8, 0, 0, 0.00%, 1, 0, 7, 272.93, 572572, 21
1660, 23, 7, 8, 0, 0, 0.00%, 1, 0, 7, 263.89, 573952, 21
1665, 23, 7, 8, 0, 0, 0.00%, 1, 0, 7, 255.02, 575217, 21
1670, 23, 7, 8, 0, 0, 0.00%, 1, 0, 7, 257.92, 576532, 21
1675, 23, 7, 8, 0, 0, 0.00%, 1, 0, 7, 256.54, 577810, 21
1680, 23, 7, 8, 0, 0, 0.00%, 1, 0, 7, 290.62, 579203, 21
1685, 23, 7, 8, 0, 0, 0.00%, 1, 0, 7, 353.54, 581133, 21
1691, 23, 6, 8, 0, 0, 0.00%, 1, 0, 7, 390.02, 583145, 21
1696, 24, 4, 8, 0, 0, 0.00%, 1, 0, 7, 392.06, 585090, 21
1701, 24, 6, 8, 0, 0, 0.00%, 1, 0, 7, 396.52, 587166, 21
1706, 24, 6, 8, 0, 0, 0.00%, 1, 0, 7, 392.46, 589145, 21
1711, 24, 4, 8, 0, 0, 0.00%, 1, 0, 7, 390.90, 591116, 21
1716, 25, 7, 8, 0, 0, 0.00%, 1, 0, 7, 394.56, 593109, 21
1721, 25, 7, 8, 0, 0, 0.00%, 1, 0, 7, 400.35, 595125, 21
1726, 25, 7, 8, 0, 0, 0.00%, 1, 0, 7, 390.73, 597106, 21
1731, 25, 7, 8, 0, 0, 0.00%, 1, 0, 7, 390.97, 599157, 21
1736, 25, 7, 8, 0, 0, 0.00%, 1, 0, 7, 395.78, 601162, 21
1741, 25, 7, 8, 0, 0, 0.00%, 1, 0, 7, 399.58, 603173, 21
1746, 25, 7, 8, 0, 0, 0.00%, 1, 0, 7, 400.51, 605263, 21
1751, 25, 1, 8, 0, 0, 0.00%, 1, 0, 7, 315.16, 606863, 21
1757, 25, 1, 8, 0, 0, 0.00%, 1, 0, 7, 261.24, 608133, 21
1762, 25, 4, 8, 0, 0, 0.00%, 1, 0, 7, 332.39, 609904, 21
1767, 25, 2, 8, 0, 0, 0.00%, 1, 0, 7, 364.37, 611817, 21
1772, 25, 7, 8, 0, 0, 0.00%, 1, 0, 7, 379.64, 613813, 21
1777, 25, 7, 8, 0, 0, 0.00%, 1, 0, 7, 371.60, 615675, 21
1782, 25, 7, 8, 0, 0, 0.00%, 1, 0, 7, 387.53, 617642, 21
1787, 25, 7, 8, 0, 0, 0.00%, 1, 0, 7, 395.96, 619644, 21
1792, 25, 7, 8, 0, 0, 0.00%, 1, 0, 7, 392.46, 621622, 21
1797, 25, 7, 8, 0, 0, 0.00%, 1, 0, 7, 385.10, 623570, 21
1802, 25, 7, 8, 0, 0, 0.00%, 1, 0, 7, 383.94, 625489, 21
1807, 25, 7, 8, 0, 0, 0.00%, 1, 0, 7, 382.35, 627428, 21
1812, 25, 7, 8, 0, 0, 0.00%, 1, 0, 7, 387.12, 629381, 21
1817, 25, 7, 8, 0, 0, 0.00%, 1, 0, 7, 348.79, 631148, 21
1822, 25, 7, 8, 0, 0, 0.00%, 1, 0, 7, 374.13, 633039, 21
1827, 25, 7, 8, 0, 0, 0.00%, 1, 0, 7, 393.89, 635029, 21
1833, 25, 0, 8, 0, 0, 0.00%, 1, 0, 7, 390.84, 637055, 21
1838, 25, 6, 8, 0, 0, 0.00%, 1, 0, 7, 400.36, 639101, 21
1843, 25, 6, 8, 0, 0, 0.00%, 1, 0, 7, 410.87, 641237, 21
1848, 26, 0, 8, 0, 0, 0.00%, 1, 0, 7, 401.54, 643256, 21
1853, 26, 6, 8, 0, 0, 0.00%, 1, 0, 7, 399.54, 645324, 21
1858, 26, 4, 8, 0, 0, 0.00%, 1, 0, 7, 398.01, 647319, 21
1863, 26, 6, 8, 0, 0, 0.00%, 1, 0, 7, 400.17, 649404, 21
1869, 26, 6, 8, 0, 0, 0.00%, 1, 0, 7, 393.05, 651419, 21
1874, 26, 4, 8, 0, 0, 0.00%, 1, 0, 7, 401.57, 653505, 21
1879, 26, 6, 8, 0, 0, 0.00%, 1, 0, 7, 401.34, 655506, 21
1884, 26, 6, 8, 0, 0, 0.00%, 1, 0, 7, 402.78, 657504, 21
1889, 27, 7, 8, 0, 0, 0.00%, 1, 0, 7, 402.85, 659531, 21
1894, 27, 7, 8, 0, 0, 0.00%, 1, 0, 7, 405.03, 661571, 21
1899, 27, 7, 8, 0, 0, 0.00%, 1, 0, 7, 396.00, 663559, 21
1904, 27, 7, 8, 0, 0, 0.00%, 1, 0, 7, 400.51, 665635, 21
1909, 27, 7, 8, 0, 0, 0.00%, 1, 0, 7, 397.88, 667643, 21
1914, 27, 7, 8, 0, 0, 0.00%, 1, 0, 7, 391.42, 669605, 21
1919, 27, 7, 8, 0, 0, 0.00%, 1, 0, 7, 399.41, 671609, 21
1924, 27, 7, 8, 0, 0, 0.00%, 1, 0, 7, 381.67, 673508, 21
1929, 27, 7, 8, 0, 0, 0.00%, 1, 0, 7, 370.92, 675372, 21
1934, 27, 7, 8, 0, 0, 0.00%, 1, 0, 7, 390.85, 677423, 21
1940, 27, 7, 8, 0, 0, 0.00%, 1, 0, 7, 399.85, 679519, 21
1945, 27, 7, 8, 0, 0, 0.00%, 1, 0, 7, 396.91, 681527, 21
1950, 27, 7, 8, 0, 0, 0.00%, 1, 0, 7, 387.52, 683475, 21
1955, 27, 7, 8, 0, 0, 0.00%, 1, 0, 7, 387.18, 685493, 21
1960, 27, 4, 8, 0, 0, 0.00%, 1, 0, 7, 308.66, 687032, 21
1965, 27, 7, 8, 0, 0, 0.00%, 1, 0, 7, 313.58, 688554, 21
1970, 27, 7, 8, 0, 0, 0.00%, 1, 0, 7, 374.24, 690481, 21
1975, 27, 7, 8, 0, 0, 0.00%, 1, 0, 7, 379.56, 692462, 21
1980, 27, 7, 8, 0, 0, 0.00%, 1, 0, 7, 380.81, 694359, 21
1985, 27, 7, 8, 0, 0, 0.00%, 1, 0, 7, 378.45, 696266, 21
1990, 27, 7, 8, 0, 0, 0.00%, 1, 0, 7, 380.37, 698221, 21
1995, 27, 7, 8, 0, 0, 0.00%, 1, 0, 7, 361.26, 700022, 21
2001, 27, 4, 8, 0, 0, 0.00%, 1, 0, 7, 388.23, 702058, 21
2006, 27, 7, 8, 0, 0, 0.00%, 1, 0, 7, 396.41, 704052, 21
2011, 27, 7, 8, 0, 0, 0.00%, 1, 0, 7, 391.17, 706026, 21
2016, 27, 7, 8, 0, 0, 0.00%, 1, 0, 7, 357.53, 707853, 21
2021, 27, 7, 8, 0, 0, 0.00%, 1, 0, 7, 325.58, 709406, 21
2026, 27, 7, 8, 0, 0, 0.00%, 1, 0, 7, 331.23, 711100, 21
2031, 27, 7, 8, 0, 0, 0.00%, 1, 0, 7, 378.74, 713060, 21
2036, 27, 7, 8, 0, 0, 0.00%, 1, 0, 7, 373.53, 714917, 21
2041, 27, 7, 8, 0, 0, 0.00%, 1, 0, 7, 394.39, 716947, 21
2046, 27, 7, 8, 0, 0, 0.00%, 1, 0, 7, 397.37, 718998, 21
2051, 27, 7, 8, 0, 0, 0.00%, 1, 0, 7, 402.86, 721072, 21
2057, 27, 7, 8, 0, 0, 0.00%, 1, 0, 7, 367.69, 722872, 21
2062, 27, 7, 8, 0, 0, 0.00%, 1, 0, 7, 362.13, 724757, 21
2067, 28, 7, 8, 0, 0, 0.00%, 1, 0, 7, 379.40, 726697, 21
2072, 28, 7, 8, 0, 0, 0.00%, 1, 0, 7, 333.04, 728307, 21
2077, 28, 7, 8, 0, 0, 0.00%, 1, 0, 7, 352.58, 730092, 21
2082, 28, 7, 8, 0, 0, 0.00%, 1, 0, 7, 368.60, 731996, 21
2087, 28, 7, 8, 0, 0, 0.00%, 1, 0, 7, 375.15, 733959, 21
2092, 28, 7, 8, 0, 0, 0.00%, 1, 0, 7, 359.55, 735789, 21
2098, 28, 7, 8, 0, 0, 0.00%, 1, 0, 7, 335.15, 737495, 21
2103, 28, 7, 8, 0, 0, 0.00%, 1, 0, 7, 325.21, 739135, 21
2108, 28, 2, 8, 0, 0, 0.00%, 1, 0, 7, 355.48, 741014, 21
2113, 28, 5, 8, 0, 0, 0.00%, 1, 0, 7, 321.87, 742536, 21
2118, 28, 6, 8, 0, 0, 0.00%, 1, 0, 7, 239.44, 743692, 21
2123, 28, 3, 8, 0, 0, 0.00%, 1, 0, 7, 276.77, 745165, 21
2128, 28, 6, 8, 0, 0, 0.00%, 1, 0, 7, 260.95, 746468, 21
2133, 28, 6, 8, 0, 0, 0.00%, 1, 0, 7, 310.16, 748069, 21
2139, 29, 4, 8, 0, 0, 0.00%, 1, 0, 7, 301.18, 749637, 21
2144, 29, 4, 8, 0, 0, 0.00%, 1, 0, 7, 308.35, 751202, 21
2149, 29, 4, 8, 0, 0, 0.00%, 1, 0, 7, 312.27, 752786, 21
2154, 29, 7, 8, 0, 0, 0.00%, 1, 0, 7, 318.13, 754383, 21
2159, 29, 7, 8, 0, 0, 0.00%, 1, 0, 7, 331.19, 756039, 21
2164, 29, 7, 8, 0, 0, 0.00%, 1, 0, 7, 345.76, 757875, 21
2169, 29, 7, 8, 0, 0, 0.00%, 1, 0, 7, 335.95, 759549, 21
2174, 29, 7, 8, 0, 0, 0.00%, 1, 0, 7, 268.50, 760902, 21
2179, 29, 7, 8, 0, 0, 0.00%, 1, 0, 7, 259.16, 762200, 21
2184, 29, 7, 8, 0, 0, 0.00%, 1, 0, 7, 265.77, 763553, 21
2189, 29, 7, 8, 0, 0, 0.00%, 1, 0, 7, 250.73, 764824, 21
2194, 29, 7, 8, 0, 0, 0.00%, 1, 0, 7, 257.67, 766172, 21
2199, 29, 7, 8, 0, 0, 0.00%, 1, 0, 7, 258.14, 767488, 21
2205, 29, 7, 8, 0, 0, 0.00%, 1, 0, 7, 235.09, 768690, 21
2210, 29, 7, 8, 0, 0, 0.00%, 1, 0, 7, 221.43, 769801, 21
2215, 29, 7, 8, 0, 0, 0.00%, 1, 0, 7, 253.11, 771097, 21
2220, 29, 7, 8, 0, 0, 0.00%, 1, 0, 7, 263.44, 772457, 21
2225, 29, 7, 8, 0, 0, 0.00%, 1, 0, 7, 269.46, 773877, 21
2227, 29, 7, 8, 0, 0, 0.00%, 1, 0, 7, 268.64, 774462, 21
